Note: Failed to import the optional openff.evaluator package. 
#======================================================================#
#| [1m            Welcome to ForceBalance version 1.7.4! =D             [0m |#
#| [1m                 Force Field Optimization System                  [0m |#
#| [1m                                                                  [0m |#
#| [1m                             Authors:                             [0m |#
#| [1m                          Lee-Ping Wang                           [0m |#
#| [1m                  Yudong Qiu, Keri A. McKiernan                   [0m |#
#| [1m          Jeffrey R. Wagner, Hyesu Jang, Simon Boothroyd          [0m |#
#| [1m           Arthur Vigil, Erik G. Brandt, Johnny Israeli           [0m |#
#======================================================================#

                          [44m     [0m                                        
                       [44m        [0m      [43m     [0m                              
                    [44m        [0m   [44m  [0m    [43m         [0m                          
                 [44m       [0m    [44m      [0m      [43m         [0m                       
             [44m        [0m    [44m        [0m          [43m         [0m                    
          [44m        [0m    [44m        [0m                 [43m        [0m                 
       [44m        [0m    [44m       [0m                        [43m        [0m              
    [44m        [0m   [44m        [0m                              [43m         [0m          
   [44m      [0m   [44m        [0m               `.:+@@###@'          [43m         [0m       
    [44m [0m    [44m        [0m          ,;'+###############.             [43m     [0m       
      [44m        [0m         +################':`                    [43m [0m        
      [44m     [0m              `.,,...####+.                                  
                                ,#####      +##.               [44m   [0m   [44m   [0m
 [43m    [0m                            #####      ######             [44m   [0m   [44m   [0m
 [43m    [0m                ###'        ####'     :#####'             [44m   [0m   [44m   [0m
 [43m    [0m                :####@      ####.    ,####'               [44m   [0m   [44m   [0m
 [43m    [0m                 ######     ####    +###+                 [44m   [0m   [44m   [0m
 [43m    [0m                  #####     ####   ###;                   [44m   [0m   [44m   [0m
 [43m    [0m                   :##      ####  ++`                     [44m   [0m   [44m   [0m
 [43m    [0m                            ####``..:;+##############+`   [44m   [0m   [44m   [0m
 [43m    [0m             .,:;;'++##################################`  [44m   [0m   [44m   [0m
 [43m    [0m    `############################++++''';;;;;;;;;;;'';    [44m   [0m   [44m   [0m
 [43m    [0m      ,########':,.``       ####                          [44m   [0m   [44m   [0m
 [43m    [0m                            ####                          [44m   [0m   [44m   [0m
 [43m    [0m                            ####                          [44m   [0m   [44m   [0m
 [43m    [0m                            ####                          [44m   [0m   [44m   [0m
 [43m    [0m                            ####                          [44m   [0m   [44m   [0m
 [43m    [0m                            ####                          [44m   [0m   [44m   [0m
 [43m    [0m                            ####                          [44m   [0m   [44m   [0m
 [43m    [0m                            ####                          [44m   [0m   [44m   [0m
      [44m    [0m                       ####                                   
     [44m        [0m                    ####                                   
    [44m [0m    [44m       [0m                 ####                       [43m     [0m       
   [44m     [0m    [44m        [0m             ####                    [43m        [0m       
   [44m        [0m    [44m        [0m          ###                  [43m         [0m         
      [44m        [0m    [44m        [0m        +`               [43m        [0m             
          [44m        [0m   [44m        [0m                   [43m        [0m                
             [44m        [0m   [44m         [0m           [43m         [0m                   
                [44m        [0m    [44m       [0m      [43m         [0m                      
                   [44m        [0m    [44m   [0m    [43m        [0m                          
                      [44m        [0m       [43m      [0m                             
                          [44m      [0m      [43m  [0m                                
                             [44m  [0m                                         

Reading options from file: optimize.in
#========================================================#
#| [95m  Options at their default values are not printed   [0m |#
#| [95m        Use 'verbose_options True' to Enable        [0m |#
#========================================================#
Reading force field from file: bespoke.offxml
#=========================================================#
#| [92m Starting parameter indices, physical values and IDs [0m |#
#=========================================================#
   0 [  1.0000e-05 ] : ProperTorsions/Proper/k4/[#8AH1X2x0!r+0:1](-!@[#1AH0X1x0!r+0])-!@[#6AH2X4x0!r+0:2](-!@[#1AH0X1x0!r+0])(-!@[#1AH0X1x0!r+0])-!@[#6AH2X4x0!r+0:3](-!@[#1AH0X1x0!r+0])(-!@[#1AH0X1x0!r+0])-!@[#8AH1X2x0!r+0:4]-!@[#1AH0X1x0!r+0]
   1 [  1.0000e-05 ] : ProperTorsions/Proper/k1/[#8AH1X2x0!r+0:1](-!@[#1AH0X1x0!r+0])-!@[#6AH2X4x0!r+0:2](-!@[#1AH0X1x0!r+0])(-!@[#1AH0X1x0!r+0])-!@[#6AH2X4x0!r+0:3](-!@[#1AH0X1x0!r+0])(-!@[#1AH0X1x0!r+0])-!@[#8AH1X2x0!r+0:4]-!@[#1AH0X1x0!r+0]
   2 [  1.0000e-05 ] : ProperTorsions/Proper/k3/[#8AH1X2x0!r+0:1](-!@[#1AH0X1x0!r+0])-!@[#6AH2X4x0!r+0:2](-!@[#1AH0X1x0!r+0])(-!@[#1AH0X1x0!r+0])-!@[#6AH2X4x0!r+0:3](-!@[#1AH0X1x0!r+0])(-!@[#1AH0X1x0!r+0])-!@[#8AH1X2x0!r+0:4]-!@[#1AH0X1x0!r+0]
   3 [  1.0000e-05 ] : ProperTorsions/Proper/k2/[#8AH1X2x0!r+0:1](-!@[#1AH0X1x0!r+0])-!@[#6AH2X4x0!r+0:2](-!@[#1AH0X1x0!r+0])(-!@[#1AH0X1x0!r+0])-!@[#6AH2X4x0!r+0:3](-!@[#1AH0X1x0!r+0])(-!@[#1AH0X1x0!r+0])-!@[#8AH1X2x0!r+0:4]-!@[#1AH0X1x0!r+0]
   4 [  1.0000e-05 ] : ProperTorsions/Proper/k4/[#8AH1X2x0!r+0:1](-!@[#1AH0X1x0!r+0])-!@[#6AH2X4x0!r+0:2](-!@[#1AH0X1x0!r+0])(-!@[#1AH0X1x0!r+0])-!@[#6AH2X4x0!r+0:3](-!@[#1AH0X1x0!r+0])(-!@[#8AH1X2x0!r+0]-!@[#1AH0X1x0!r+0])-!@[#1AH0X1x0!r+0:4]
   5 [  1.0000e-05 ] : ProperTorsions/Proper/k1/[#8AH1X2x0!r+0:1](-!@[#1AH0X1x0!r+0])-!@[#6AH2X4x0!r+0:2](-!@[#1AH0X1x0!r+0])(-!@[#1AH0X1x0!r+0])-!@[#6AH2X4x0!r+0:3](-!@[#1AH0X1x0!r+0])(-!@[#8AH1X2x0!r+0]-!@[#1AH0X1x0!r+0])-!@[#1AH0X1x0!r+0:4]
   6 [  1.0000e-05 ] : ProperTorsions/Proper/k3/[#8AH1X2x0!r+0:1](-!@[#1AH0X1x0!r+0])-!@[#6AH2X4x0!r+0:2](-!@[#1AH0X1x0!r+0])(-!@[#1AH0X1x0!r+0])-!@[#6AH2X4x0!r+0:3](-!@[#1AH0X1x0!r+0])(-!@[#8AH1X2x0!r+0]-!@[#1AH0X1x0!r+0])-!@[#1AH0X1x0!r+0:4]
   7 [  1.0000e-05 ] : ProperTorsions/Proper/k2/[#8AH1X2x0!r+0:1](-!@[#1AH0X1x0!r+0])-!@[#6AH2X4x0!r+0:2](-!@[#1AH0X1x0!r+0])(-!@[#1AH0X1x0!r+0])-!@[#6AH2X4x0!r+0:3](-!@[#1AH0X1x0!r+0])(-!@[#8AH1X2x0!r+0]-!@[#1AH0X1x0!r+0])-!@[#1AH0X1x0!r+0:4]
   8 [  1.0000e-05 ] : ProperTorsions/Proper/k4/[#1AH0X1x0!r+0:1]-!@[#6AH2X4x0!r+0:2](-!@[#1AH0X1x0!r+0])(-!@[#8AH1X2x0!r+0]-!@[#1AH0X1x0!r+0])-!@[#6AH2X4x0!r+0:3](-!@[#1AH0X1x0!r+0])(-!@[#8AH1X2x0!r+0]-!@[#1AH0X1x0!r+0])-!@[#1AH0X1x0!r+0:4]
   9 [  1.0000e-05 ] : ProperTorsions/Proper/k1/[#1AH0X1x0!r+0:1]-!@[#6AH2X4x0!r+0:2](-!@[#1AH0X1x0!r+0])(-!@[#8AH1X2x0!r+0]-!@[#1AH0X1x0!r+0])-!@[#6AH2X4x0!r+0:3](-!@[#1AH0X1x0!r+0])(-!@[#8AH1X2x0!r+0]-!@[#1AH0X1x0!r+0])-!@[#1AH0X1x0!r+0:4]
  10 [  1.0000e-05 ] : ProperTorsions/Proper/k3/[#1AH0X1x0!r+0:1]-!@[#6AH2X4x0!r+0:2](-!@[#1AH0X1x0!r+0])(-!@[#8AH1X2x0!r+0]-!@[#1AH0X1x0!r+0])-!@[#6AH2X4x0!r+0:3](-!@[#1AH0X1x0!r+0])(-!@[#8AH1X2x0!r+0]-!@[#1AH0X1x0!r+0])-!@[#1AH0X1x0!r+0:4]
  11 [  1.0000e-05 ] : ProperTorsions/Proper/k2/[#1AH0X1x0!r+0:1]-!@[#6AH2X4x0!r+0:2](-!@[#1AH0X1x0!r+0])(-!@[#8AH1X2x0!r+0]-!@[#1AH0X1x0!r+0])-!@[#6AH2X4x0!r+0:3](-!@[#1AH0X1x0!r+0])(-!@[#8AH1X2x0!r+0]-!@[#1AH0X1x0!r+0])-!@[#1AH0X1x0!r+0:4]
  12 [  1.0000e-05 ] : ProperTorsions/Proper/k4/[#6AH2X4x0!r+0:1](-!@[#1AH0X1x0!r+0])(-!@[#1AH0X1x0!r+0])(-!@[#8AH1X2x0!r+0]-!@[#1AH0X1x0!r+0])-!@[#6AH2X4x0!r+0:2](-!@[#1AH0X1x0!r+0])(-!@[#1AH0X1x0!r+0])-!@[#8AH1X2x0!r+0:3]-!@[#1AH0X1x0!r+0:4]
  13 [  1.0000e-05 ] : ProperTorsions/Proper/k1/[#6AH2X4x0!r+0:1](-!@[#1AH0X1x0!r+0])(-!@[#1AH0X1x0!r+0])(-!@[#8AH1X2x0!r+0]-!@[#1AH0X1x0!r+0])-!@[#6AH2X4x0!r+0:2](-!@[#1AH0X1x0!r+0])(-!@[#1AH0X1x0!r+0])-!@[#8AH1X2x0!r+0:3]-!@[#1AH0X1x0!r+0:4]
  14 [  1.0000e-05 ] : ProperTorsions/Proper/k3/[#6AH2X4x0!r+0:1](-!@[#1AH0X1x0!r+0])(-!@[#1AH0X1x0!r+0])(-!@[#8AH1X2x0!r+0]-!@[#1AH0X1x0!r+0])-!@[#6AH2X4x0!r+0:2](-!@[#1AH0X1x0!r+0])(-!@[#1AH0X1x0!r+0])-!@[#8AH1X2x0!r+0:3]-!@[#1AH0X1x0!r+0:4]
  15 [  1.0000e-05 ] : ProperTorsions/Proper/k2/[#6AH2X4x0!r+0:1](-!@[#1AH0X1x0!r+0])(-!@[#1AH0X1x0!r+0])(-!@[#8AH1X2x0!r+0]-!@[#1AH0X1x0!r+0])-!@[#6AH2X4x0!r+0:2](-!@[#1AH0X1x0!r+0])(-!@[#1AH0X1x0!r+0])-!@[#8AH1X2x0!r+0:3]-!@[#1AH0X1x0!r+0:4]
  16 [  1.0000e-05 ] : ProperTorsions/Proper/k4/[#1AH0X1x0!r+0:1]-!@[#6AH2X4x0!r+0:2](-!@[#1AH0X1x0!r+0])(-!@[#6AH2X4x0!r+0](-!@[#1AH0X1x0!r+0])(-!@[#1AH0X1x0!r+0])-!@[#8AH1X2x0!r+0]-!@[#1AH0X1x0!r+0])-!@[#8AH1X2x0!r+0:3]-!@[#1AH0X1x0!r+0:4]
  17 [  1.0000e-05 ] : ProperTorsions/Proper/k1/[#1AH0X1x0!r+0:1]-!@[#6AH2X4x0!r+0:2](-!@[#1AH0X1x0!r+0])(-!@[#6AH2X4x0!r+0](-!@[#1AH0X1x0!r+0])(-!@[#1AH0X1x0!r+0])-!@[#8AH1X2x0!r+0]-!@[#1AH0X1x0!r+0])-!@[#8AH1X2x0!r+0:3]-!@[#1AH0X1x0!r+0:4]
  18 [  1.0000e-05 ] : ProperTorsions/Proper/k3/[#1AH0X1x0!r+0:1]-!@[#6AH2X4x0!r+0:2](-!@[#1AH0X1x0!r+0])(-!@[#6AH2X4x0!r+0](-!@[#1AH0X1x0!r+0])(-!@[#1AH0X1x0!r+0])-!@[#8AH1X2x0!r+0]-!@[#1AH0X1x0!r+0])-!@[#8AH1X2x0!r+0:3]-!@[#1AH0X1x0!r+0:4]
  19 [  1.0000e-05 ] : ProperTorsions/Proper/k2/[#1AH0X1x0!r+0:1]-!@[#6AH2X4x0!r+0:2](-!@[#1AH0X1x0!r+0])(-!@[#6AH2X4x0!r+0](-!@[#1AH0X1x0!r+0])(-!@[#1AH0X1x0!r+0])-!@[#8AH1X2x0!r+0]-!@[#1AH0X1x0!r+0])-!@[#8AH1X2x0!r+0:3]-!@[#1AH0X1x0!r+0:4]
-----------------------------------------------------------
#=========================================================#
#| [91m Rescaling Factors by Type (Lower Takes Precedence): [0m |#
#=========================================================#
   ProperTorsions/Proper/k4             : 1.00000e-05
   ProperTorsions/Proper/k1             : 1.00000e-05
   ProperTorsions/Proper/k3             : 1.00000e-05
   ProperTorsions/Proper/k2             : 1.00000e-05
   ProperTorsions/Proper/k              : 1.00000e+00
-----------------------------------------------------------
#========================================================#
#| [91m   Rescaling Types / Factors by Parameter Number:   [0m |#
#========================================================#
   0 [    ProperTorsions/Proper/k       : 1.00000e+00 ] : ProperTorsions/Proper/k4/[#8AH1X2x0!r+0:1](-!@[#1AH0X1x0!r+0])-!@[#6AH2X4x0!r+0:2](-!@[#1AH0X1x0!r+0])(-!@[#1AH0X1x0!r+0])-!@[#6AH2X4x0!r+0:3](-!@[#1AH0X1x0!r+0])(-!@[#1AH0X1x0!r+0])-!@[#8AH1X2x0!r+0:4]-!@[#1AH0X1x0!r+0]
   1 [    ProperTorsions/Proper/k       : 1.00000e+00 ] : ProperTorsions/Proper/k1/[#8AH1X2x0!r+0:1](-!@[#1AH0X1x0!r+0])-!@[#6AH2X4x0!r+0:2](-!@[#1AH0X1x0!r+0])(-!@[#1AH0X1x0!r+0])-!@[#6AH2X4x0!r+0:3](-!@[#1AH0X1x0!r+0])(-!@[#1AH0X1x0!r+0])-!@[#8AH1X2x0!r+0:4]-!@[#1AH0X1x0!r+0]
   2 [    ProperTorsions/Proper/k       : 1.00000e+00 ] : ProperTorsions/Proper/k3/[#8AH1X2x0!r+0:1](-!@[#1AH0X1x0!r+0])-!@[#6AH2X4x0!r+0:2](-!@[#1AH0X1x0!r+0])(-!@[#1AH0X1x0!r+0])-!@[#6AH2X4x0!r+0:3](-!@[#1AH0X1x0!r+0])(-!@[#1AH0X1x0!r+0])-!@[#8AH1X2x0!r+0:4]-!@[#1AH0X1x0!r+0]
   3 [    ProperTorsions/Proper/k       : 1.00000e+00 ] : ProperTorsions/Proper/k2/[#8AH1X2x0!r+0:1](-!@[#1AH0X1x0!r+0])-!@[#6AH2X4x0!r+0:2](-!@[#1AH0X1x0!r+0])(-!@[#1AH0X1x0!r+0])-!@[#6AH2X4x0!r+0:3](-!@[#1AH0X1x0!r+0])(-!@[#1AH0X1x0!r+0])-!@[#8AH1X2x0!r+0:4]-!@[#1AH0X1x0!r+0]
   4 [    ProperTorsions/Proper/k       : 1.00000e+00 ] : ProperTorsions/Proper/k4/[#8AH1X2x0!r+0:1](-!@[#1AH0X1x0!r+0])-!@[#6AH2X4x0!r+0:2](-!@[#1AH0X1x0!r+0])(-!@[#1AH0X1x0!r+0])-!@[#6AH2X4x0!r+0:3](-!@[#1AH0X1x0!r+0])(-!@[#8AH1X2x0!r+0]-!@[#1AH0X1x0!r+0])-!@[#1AH0X1x0!r+0:4]
   5 [    ProperTorsions/Proper/k       : 1.00000e+00 ] : ProperTorsions/Proper/k1/[#8AH1X2x0!r+0:1](-!@[#1AH0X1x0!r+0])-!@[#6AH2X4x0!r+0:2](-!@[#1AH0X1x0!r+0])(-!@[#1AH0X1x0!r+0])-!@[#6AH2X4x0!r+0:3](-!@[#1AH0X1x0!r+0])(-!@[#8AH1X2x0!r+0]-!@[#1AH0X1x0!r+0])-!@[#1AH0X1x0!r+0:4]
   6 [    ProperTorsions/Proper/k       : 1.00000e+00 ] : ProperTorsions/Proper/k3/[#8AH1X2x0!r+0:1](-!@[#1AH0X1x0!r+0])-!@[#6AH2X4x0!r+0:2](-!@[#1AH0X1x0!r+0])(-!@[#1AH0X1x0!r+0])-!@[#6AH2X4x0!r+0:3](-!@[#1AH0X1x0!r+0])(-!@[#8AH1X2x0!r+0]-!@[#1AH0X1x0!r+0])-!@[#1AH0X1x0!r+0:4]
   7 [    ProperTorsions/Proper/k       : 1.00000e+00 ] : ProperTorsions/Proper/k2/[#8AH1X2x0!r+0:1](-!@[#1AH0X1x0!r+0])-!@[#6AH2X4x0!r+0:2](-!@[#1AH0X1x0!r+0])(-!@[#1AH0X1x0!r+0])-!@[#6AH2X4x0!r+0:3](-!@[#1AH0X1x0!r+0])(-!@[#8AH1X2x0!r+0]-!@[#1AH0X1x0!r+0])-!@[#1AH0X1x0!r+0:4]
   8 [    ProperTorsions/Proper/k       : 1.00000e+00 ] : ProperTorsions/Proper/k4/[#1AH0X1x0!r+0:1]-!@[#6AH2X4x0!r+0:2](-!@[#1AH0X1x0!r+0])(-!@[#8AH1X2x0!r+0]-!@[#1AH0X1x0!r+0])-!@[#6AH2X4x0!r+0:3](-!@[#1AH0X1x0!r+0])(-!@[#8AH1X2x0!r+0]-!@[#1AH0X1x0!r+0])-!@[#1AH0X1x0!r+0:4]
   9 [    ProperTorsions/Proper/k       : 1.00000e+00 ] : ProperTorsions/Proper/k1/[#1AH0X1x0!r+0:1]-!@[#6AH2X4x0!r+0:2](-!@[#1AH0X1x0!r+0])(-!@[#8AH1X2x0!r+0]-!@[#1AH0X1x0!r+0])-!@[#6AH2X4x0!r+0:3](-!@[#1AH0X1x0!r+0])(-!@[#8AH1X2x0!r+0]-!@[#1AH0X1x0!r+0])-!@[#1AH0X1x0!r+0:4]
  10 [    ProperTorsions/Proper/k       : 1.00000e+00 ] : ProperTorsions/Proper/k3/[#1AH0X1x0!r+0:1]-!@[#6AH2X4x0!r+0:2](-!@[#1AH0X1x0!r+0])(-!@[#8AH1X2x0!r+0]-!@[#1AH0X1x0!r+0])-!@[#6AH2X4x0!r+0:3](-!@[#1AH0X1x0!r+0])(-!@[#8AH1X2x0!r+0]-!@[#1AH0X1x0!r+0])-!@[#1AH0X1x0!r+0:4]
  11 [    ProperTorsions/Proper/k       : 1.00000e+00 ] : ProperTorsions/Proper/k2/[#1AH0X1x0!r+0:1]-!@[#6AH2X4x0!r+0:2](-!@[#1AH0X1x0!r+0])(-!@[#8AH1X2x0!r+0]-!@[#1AH0X1x0!r+0])-!@[#6AH2X4x0!r+0:3](-!@[#1AH0X1x0!r+0])(-!@[#8AH1X2x0!r+0]-!@[#1AH0X1x0!r+0])-!@[#1AH0X1x0!r+0:4]
  12 [    ProperTorsions/Proper/k       : 1.00000e+00 ] : ProperTorsions/Proper/k4/[#6AH2X4x0!r+0:1](-!@[#1AH0X1x0!r+0])(-!@[#1AH0X1x0!r+0])(-!@[#8AH1X2x0!r+0]-!@[#1AH0X1x0!r+0])-!@[#6AH2X4x0!r+0:2](-!@[#1AH0X1x0!r+0])(-!@[#1AH0X1x0!r+0])-!@[#8AH1X2x0!r+0:3]-!@[#1AH0X1x0!r+0:4]
  13 [    ProperTorsions/Proper/k       : 1.00000e+00 ] : ProperTorsions/Proper/k1/[#6AH2X4x0!r+0:1](-!@[#1AH0X1x0!r+0])(-!@[#1AH0X1x0!r+0])(-!@[#8AH1X2x0!r+0]-!@[#1AH0X1x0!r+0])-!@[#6AH2X4x0!r+0:2](-!@[#1AH0X1x0!r+0])(-!@[#1AH0X1x0!r+0])-!@[#8AH1X2x0!r+0:3]-!@[#1AH0X1x0!r+0:4]
  14 [    ProperTorsions/Proper/k       : 1.00000e+00 ] : ProperTorsions/Proper/k3/[#6AH2X4x0!r+0:1](-!@[#1AH0X1x0!r+0])(-!@[#1AH0X1x0!r+0])(-!@[#8AH1X2x0!r+0]-!@[#1AH0X1x0!r+0])-!@[#6AH2X4x0!r+0:2](-!@[#1AH0X1x0!r+0])(-!@[#1AH0X1x0!r+0])-!@[#8AH1X2x0!r+0:3]-!@[#1AH0X1x0!r+0:4]
  15 [    ProperTorsions/Proper/k       : 1.00000e+00 ] : ProperTorsions/Proper/k2/[#6AH2X4x0!r+0:1](-!@[#1AH0X1x0!r+0])(-!@[#1AH0X1x0!r+0])(-!@[#8AH1X2x0!r+0]-!@[#1AH0X1x0!r+0])-!@[#6AH2X4x0!r+0:2](-!@[#1AH0X1x0!r+0])(-!@[#1AH0X1x0!r+0])-!@[#8AH1X2x0!r+0:3]-!@[#1AH0X1x0!r+0:4]
  16 [    ProperTorsions/Proper/k       : 1.00000e+00 ] : ProperTorsions/Proper/k4/[#1AH0X1x0!r+0:1]-!@[#6AH2X4x0!r+0:2](-!@[#1AH0X1x0!r+0])(-!@[#6AH2X4x0!r+0](-!@[#1AH0X1x0!r+0])(-!@[#1AH0X1x0!r+0])-!@[#8AH1X2x0!r+0]-!@[#1AH0X1x0!r+0])-!@[#8AH1X2x0!r+0:3]-!@[#1AH0X1x0!r+0:4]
  17 [    ProperTorsions/Proper/k       : 1.00000e+00 ] : ProperTorsions/Proper/k1/[#1AH0X1x0!r+0:1]-!@[#6AH2X4x0!r+0:2](-!@[#1AH0X1x0!r+0])(-!@[#6AH2X4x0!r+0](-!@[#1AH0X1x0!r+0])(-!@[#1AH0X1x0!r+0])-!@[#8AH1X2x0!r+0]-!@[#1AH0X1x0!r+0])-!@[#8AH1X2x0!r+0:3]-!@[#1AH0X1x0!r+0:4]
  18 [    ProperTorsions/Proper/k       : 1.00000e+00 ] : ProperTorsions/Proper/k3/[#1AH0X1x0!r+0:1]-!@[#6AH2X4x0!r+0:2](-!@[#1AH0X1x0!r+0])(-!@[#6AH2X4x0!r+0](-!@[#1AH0X1x0!r+0])(-!@[#1AH0X1x0!r+0])-!@[#8AH1X2x0!r+0]-!@[#1AH0X1x0!r+0])-!@[#8AH1X2x0!r+0:3]-!@[#1AH0X1x0!r+0:4]
  19 [    ProperTorsions/Proper/k       : 1.00000e+00 ] : ProperTorsions/Proper/k2/[#1AH0X1x0!r+0:1]-!@[#6AH2X4x0!r+0:2](-!@[#1AH0X1x0!r+0])(-!@[#6AH2X4x0!r+0](-!@[#1AH0X1x0!r+0])(-!@[#1AH0X1x0!r+0])-!@[#8AH1X2x0!r+0]-!@[#1AH0X1x0!r+0])-!@[#8AH1X2x0!r+0:3]-!@[#1AH0X1x0!r+0:4]
----------------------------------------------------------
#========================================================#
#| [92m               Setup for force field                [0m |#
#========================================================#
fnms                      ['bespoke.offxml'] 
priors                    OrderedDict([('ProperTorsions/Proper/k', 1.0)]) 
----------------------------------------------------------
QM forces are not present, only fitting energies.
#========================================================#
#| [92m     Setup for target C(CO)O-torsiondrive1d-0 :     [0m |#
#========================================================#
pdb                       molecule.pdb 
mol2                      ['molecule.mol2'] 
coords                    scan.xyz 
precision                 double 
platname                  Reference 
name                      C(CO)O-torsiondrive1d-0 
type                      ABINITIO_SMIRNOFF 
h                         0.01 
tgtdir                    targets/C(CO)O-torsiondrive1d-0 
writelevel                1 
shots                     24 
----------------------------------------------------------
QM forces are not present, only fitting energies.
#========================================================#
#| [92m     Setup for target C(CO)O-torsiondrive1d-1 :     [0m |#
#========================================================#
pdb                       molecule.pdb 
mol2                      ['molecule.mol2'] 
coords                    scan.xyz 
precision                 double 
platname                  Reference 
name                      C(CO)O-torsiondrive1d-1 
type                      ABINITIO_SMIRNOFF 
h                         0.01 
tgtdir                    targets/C(CO)O-torsiondrive1d-1 
writelevel                1 
shots                     24 
----------------------------------------------------------
#========================================================#
#| [92m        SMIRNOFF Parameter Coverage Analysis        [0m |#
#========================================================#
Force field assignment data written to /Users/joshuahorton/Documents/Projects/bespoke-fit/testing/[H:6][C:2]([H:7])([C:3]([H:8])([H:9])[O:4][H:10])[O:1][H:5]-fb/smirnoff_parameter_assignments.json
 idx Parameter                                                                                                   Count
----------------------------------------------------------------------------------------------------------------------
   0 ProperTorsions/Proper/k4/[#8AH1X2x0!r+0:1](-!@[#1AH0X1x0!r+0])-!@[#6AH2X4x0!r+0:2](-!@[#1AH0X1x0!r+0])(-!@[#1AH0X1x0!r+0])-!@[#6AH2X4x0!r+0:3](-!@[#1AH0X1x0!r+0])(-!@[#1AH0X1x0!r+0])-!@[#8AH1X2x0!r+0:4]-!@[#1AH0X1x0!r+0] :          2
   1 ProperTorsions/Proper/k1/[#8AH1X2x0!r+0:1](-!@[#1AH0X1x0!r+0])-!@[#6AH2X4x0!r+0:2](-!@[#1AH0X1x0!r+0])(-!@[#1AH0X1x0!r+0])-!@[#6AH2X4x0!r+0:3](-!@[#1AH0X1x0!r+0])(-!@[#1AH0X1x0!r+0])-!@[#8AH1X2x0!r+0:4]-!@[#1AH0X1x0!r+0] :          2
   2 ProperTorsions/Proper/k3/[#8AH1X2x0!r+0:1](-!@[#1AH0X1x0!r+0])-!@[#6AH2X4x0!r+0:2](-!@[#1AH0X1x0!r+0])(-!@[#1AH0X1x0!r+0])-!@[#6AH2X4x0!r+0:3](-!@[#1AH0X1x0!r+0])(-!@[#1AH0X1x0!r+0])-!@[#8AH1X2x0!r+0:4]-!@[#1AH0X1x0!r+0] :          2
   3 ProperTorsions/Proper/k2/[#8AH1X2x0!r+0:1](-!@[#1AH0X1x0!r+0])-!@[#6AH2X4x0!r+0:2](-!@[#1AH0X1x0!r+0])(-!@[#1AH0X1x0!r+0])-!@[#6AH2X4x0!r+0:3](-!@[#1AH0X1x0!r+0])(-!@[#1AH0X1x0!r+0])-!@[#8AH1X2x0!r+0:4]-!@[#1AH0X1x0!r+0] :          2
   4 ProperTorsions/Proper/k4/[#8AH1X2x0!r+0:1](-!@[#1AH0X1x0!r+0])-!@[#6AH2X4x0!r+0:2](-!@[#1AH0X1x0!r+0])(-!@[#1AH0X1x0!r+0])-!@[#6AH2X4x0!r+0:3](-!@[#1AH0X1x0!r+0])(-!@[#8AH1X2x0!r+0]-!@[#1AH0X1x0!r+0])-!@[#1AH0X1x0!r+0:4] :          8
   5 ProperTorsions/Proper/k1/[#8AH1X2x0!r+0:1](-!@[#1AH0X1x0!r+0])-!@[#6AH2X4x0!r+0:2](-!@[#1AH0X1x0!r+0])(-!@[#1AH0X1x0!r+0])-!@[#6AH2X4x0!r+0:3](-!@[#1AH0X1x0!r+0])(-!@[#8AH1X2x0!r+0]-!@[#1AH0X1x0!r+0])-!@[#1AH0X1x0!r+0:4] :          8
   6 ProperTorsions/Proper/k3/[#8AH1X2x0!r+0:1](-!@[#1AH0X1x0!r+0])-!@[#6AH2X4x0!r+0:2](-!@[#1AH0X1x0!r+0])(-!@[#1AH0X1x0!r+0])-!@[#6AH2X4x0!r+0:3](-!@[#1AH0X1x0!r+0])(-!@[#8AH1X2x0!r+0]-!@[#1AH0X1x0!r+0])-!@[#1AH0X1x0!r+0:4] :          8
   7 ProperTorsions/Proper/k2/[#8AH1X2x0!r+0:1](-!@[#1AH0X1x0!r+0])-!@[#6AH2X4x0!r+0:2](-!@[#1AH0X1x0!r+0])(-!@[#1AH0X1x0!r+0])-!@[#6AH2X4x0!r+0:3](-!@[#1AH0X1x0!r+0])(-!@[#8AH1X2x0!r+0]-!@[#1AH0X1x0!r+0])-!@[#1AH0X1x0!r+0:4] :          8
   8 ProperTorsions/Proper/k4/[#1AH0X1x0!r+0:1]-!@[#6AH2X4x0!r+0:2](-!@[#1AH0X1x0!r+0])(-!@[#8AH1X2x0!r+0]-!@[#1AH0X1x0!r+0])-!@[#6AH2X4x0!r+0:3](-!@[#1AH0X1x0!r+0])(-!@[#8AH1X2x0!r+0]-!@[#1AH0X1x0!r+0])-!@[#1AH0X1x0!r+0:4] :          8
   9 ProperTorsions/Proper/k1/[#1AH0X1x0!r+0:1]-!@[#6AH2X4x0!r+0:2](-!@[#1AH0X1x0!r+0])(-!@[#8AH1X2x0!r+0]-!@[#1AH0X1x0!r+0])-!@[#6AH2X4x0!r+0:3](-!@[#1AH0X1x0!r+0])(-!@[#8AH1X2x0!r+0]-!@[#1AH0X1x0!r+0])-!@[#1AH0X1x0!r+0:4] :          8
  10 ProperTorsions/Proper/k3/[#1AH0X1x0!r+0:1]-!@[#6AH2X4x0!r+0:2](-!@[#1AH0X1x0!r+0])(-!@[#8AH1X2x0!r+0]-!@[#1AH0X1x0!r+0])-!@[#6AH2X4x0!r+0:3](-!@[#1AH0X1x0!r+0])(-!@[#8AH1X2x0!r+0]-!@[#1AH0X1x0!r+0])-!@[#1AH0X1x0!r+0:4] :          8
  11 ProperTorsions/Proper/k2/[#1AH0X1x0!r+0:1]-!@[#6AH2X4x0!r+0:2](-!@[#1AH0X1x0!r+0])(-!@[#8AH1X2x0!r+0]-!@[#1AH0X1x0!r+0])-!@[#6AH2X4x0!r+0:3](-!@[#1AH0X1x0!r+0])(-!@[#8AH1X2x0!r+0]-!@[#1AH0X1x0!r+0])-!@[#1AH0X1x0!r+0:4] :          8
  12 ProperTorsions/Proper/k4/[#6AH2X4x0!r+0:1](-!@[#1AH0X1x0!r+0])(-!@[#1AH0X1x0!r+0])(-!@[#8AH1X2x0!r+0]-!@[#1AH0X1x0!r+0])-!@[#6AH2X4x0!r+0:2](-!@[#1AH0X1x0!r+0])(-!@[#1AH0X1x0!r+0])-!@[#8AH1X2x0!r+0:3]-!@[#1AH0X1x0!r+0:4] :          4
  13 ProperTorsions/Proper/k1/[#6AH2X4x0!r+0:1](-!@[#1AH0X1x0!r+0])(-!@[#1AH0X1x0!r+0])(-!@[#8AH1X2x0!r+0]-!@[#1AH0X1x0!r+0])-!@[#6AH2X4x0!r+0:2](-!@[#1AH0X1x0!r+0])(-!@[#1AH0X1x0!r+0])-!@[#8AH1X2x0!r+0:3]-!@[#1AH0X1x0!r+0:4] :          4
  14 ProperTorsions/Proper/k3/[#6AH2X4x0!r+0:1](-!@[#1AH0X1x0!r+0])(-!@[#1AH0X1x0!r+0])(-!@[#8AH1X2x0!r+0]-!@[#1AH0X1x0!r+0])-!@[#6AH2X4x0!r+0:2](-!@[#1AH0X1x0!r+0])(-!@[#1AH0X1x0!r+0])-!@[#8AH1X2x0!r+0:3]-!@[#1AH0X1x0!r+0:4] :          4
  15 ProperTorsions/Proper/k2/[#6AH2X4x0!r+0:1](-!@[#1AH0X1x0!r+0])(-!@[#1AH0X1x0!r+0])(-!@[#8AH1X2x0!r+0]-!@[#1AH0X1x0!r+0])-!@[#6AH2X4x0!r+0:2](-!@[#1AH0X1x0!r+0])(-!@[#1AH0X1x0!r+0])-!@[#8AH1X2x0!r+0:3]-!@[#1AH0X1x0!r+0:4] :          4
  16 ProperTorsions/Proper/k4/[#1AH0X1x0!r+0:1]-!@[#6AH2X4x0!r+0:2](-!@[#1AH0X1x0!r+0])(-!@[#6AH2X4x0!r+0](-!@[#1AH0X1x0!r+0])(-!@[#1AH0X1x0!r+0])-!@[#8AH1X2x0!r+0]-!@[#1AH0X1x0!r+0])-!@[#8AH1X2x0!r+0:3]-!@[#1AH0X1x0!r+0:4] :          8
  17 ProperTorsions/Proper/k1/[#1AH0X1x0!r+0:1]-!@[#6AH2X4x0!r+0:2](-!@[#1AH0X1x0!r+0])(-!@[#6AH2X4x0!r+0](-!@[#1AH0X1x0!r+0])(-!@[#1AH0X1x0!r+0])-!@[#8AH1X2x0!r+0]-!@[#1AH0X1x0!r+0])-!@[#8AH1X2x0!r+0:3]-!@[#1AH0X1x0!r+0:4] :          8
  18 ProperTorsions/Proper/k3/[#1AH0X1x0!r+0:1]-!@[#6AH2X4x0!r+0:2](-!@[#1AH0X1x0!r+0])(-!@[#6AH2X4x0!r+0](-!@[#1AH0X1x0!r+0])(-!@[#1AH0X1x0!r+0])-!@[#8AH1X2x0!r+0]-!@[#1AH0X1x0!r+0])-!@[#8AH1X2x0!r+0:3]-!@[#1AH0X1x0!r+0:4] :          8
  19 ProperTorsions/Proper/k2/[#1AH0X1x0!r+0:1]-!@[#6AH2X4x0!r+0:2](-!@[#1AH0X1x0!r+0])(-!@[#6AH2X4x0!r+0](-!@[#1AH0X1x0!r+0])(-!@[#1AH0X1x0!r+0])-!@[#8AH1X2x0!r+0]-!@[#1AH0X1x0!r+0])-!@[#8AH1X2x0!r+0:3]-!@[#1AH0X1x0!r+0:4] :          8
SNIRNOFF Parameter Coverage Analysis result: 20/20 parameters are covered.
----------------------------------------------------------------------------------------------------------------------
L1 norm uses the hyperbolic penalty, make sure penalty_hyperbolic_b is set sufficiently small
#========================================================#
#| [92m           Setup for objective function :           [0m |#
#========================================================#
penalty_type              L1 
penalty_additive          1.0 
normalize_weights         False 
----------------------------------------------------------
#========================================================#
#| [92m                Setup for optimizer                 [0m |#
#========================================================#
jobtype                   OPTIMIZE 
trust0                    -0.25 
eps                       0.01 
h                         0.01 
h0                        0.01 
convergence_objective     0.01 
convergence_step          0.01 
convergence_gradient      0.01 
adapt_fac                 0.2 
adapt_damp                1.0 
print_hess                True 
err_tol                   1.0 
input_file                optimize.in 
criteria                  2 
----------------------------------------------------------
Calculation started at 2020-09-17 11:59 AM
#========================================================#
#| [1m                  Main Optimizer                    [0m |#
#| [1m  Newton-Raphson Method (Hessian Diagonal Search)   [0m |#
#| [1m                                                    [0m |#
#| [1m       [0mConvergence criteria (2 of 3 needed):        [0m |#
#| [1m          [0mObjective Function  : 1.000e-02           [0m |#
#| [1m          [0mNorm of Gradient    : 1.000e-02           [0m |#
#| [1m          [0mParameter step size : 1.000e-02           [0m |#
#========================================================#
#========================================================#
#|       Color Key for Objective Function -=X2=-        |#
#|  [1mBold[0m = Initial step                                 |#
#|  [92mGreen = Current lowest value of objective function[0m  |#
#|  [91mRed = Objective function rises, step rejected[0m       |#
#|  [0mNo color = Not at the lowest value                  |#
#========================================================#
#========================================================#
#| [94m     Iteration 0: Evaluating objective function     [0m |#
#| [94m        and derivatives through second order        [0m |#
#========================================================#

#============================================================================================#
#|    Target: C(CO)O-torsiondrive1d-0  Type: AbInitio_SMIRNOFF  Objective = 5.57264e-01     |#
#|                    Difference   Denominator     Percent                                  |#
#|  Observable        (Calc-Ref)     RMS (Ref)   Difference       Term   x Wt =   Contrib.  |#
#============================================================================================#
    Energy (kJ/mol)       7.1512        9.5797     74.6501%     0.5573    1.000     0.5573 
----------------------------------------------------------------------------------------------

#============================================================================================#
#|    Target: C(CO)O-torsiondrive1d-1  Type: AbInitio_SMIRNOFF  Objective = 4.06778e-01     |#
#|                    Difference   Denominator     Percent                                  |#
#|  Observable        (Calc-Ref)     RMS (Ref)   Difference       Term   x Wt =   Contrib.  |#
#============================================================================================#
    Energy (kJ/mol)       4.1464        6.5011     63.7791%     0.4068    1.000     0.4068 
----------------------------------------------------------------------------------------------
#====================================================================#
#| [94m                  Objective Function Breakdown                  [0m |#
#| [94m  Target Name              Residual  x  Weight  =  Contribution [0m |#
#====================================================================#
C(CO)O-torsiondrive1d-0        0.55726      1.000 [94m     5.57264e-01[0m 
C(CO)O-torsiondrive1d-1        0.40678      1.000 [94m     4.06778e-01[0m 
Regularization                 0.00000      1.000 [94m     0.00000e+00[0m 
Total                                             [94m     9.64042e-01[0m 
----------------------------------------------------------------------

  Step       |k|        |dk|       |grad|       -=X2=-     Delta(X2)    StepQual
     0   0.000e+00   0.000e+00   2.289e+00[1m   9.64042e-01[0m   0.000e+00      0.000

#========================================================#
#| [94m                   Total Gradient                   [0m |#
#========================================================#
   0 [ -1.86034623e-01 ] : ProperTorsions/Proper/k4/[#8AH1X2x0!r+0:1](-!@[#1AH0X1x0!r+0])-!@[#6AH2X4x0!r+0:2](-!@[#1AH0X1x0!r+0])(-!@[#1AH0X1x0!r+0])-!@[#6AH2X4x0!r+0:3](-!@[#1AH0X1x0!r+0])(-!@[#1AH0X1x0!r+0])-!@[#8AH1X2x0!r+0:4]-!@[#1AH0X1x0!r+0]
   1 [  2.76955173e-01 ] : ProperTorsions/Proper/k1/[#8AH1X2x0!r+0:1](-!@[#1AH0X1x0!r+0])-!@[#6AH2X4x0!r+0:2](-!@[#1AH0X1x0!r+0])(-!@[#1AH0X1x0!r+0])-!@[#6AH2X4x0!r+0:3](-!@[#1AH0X1x0!r+0])(-!@[#1AH0X1x0!r+0])-!@[#8AH1X2x0!r+0:4]-!@[#1AH0X1x0!r+0]
   2 [ -3.47775941e-01 ] : ProperTorsions/Proper/k3/[#8AH1X2x0!r+0:1](-!@[#1AH0X1x0!r+0])-!@[#6AH2X4x0!r+0:2](-!@[#1AH0X1x0!r+0])(-!@[#1AH0X1x0!r+0])-!@[#6AH2X4x0!r+0:3](-!@[#1AH0X1x0!r+0])(-!@[#1AH0X1x0!r+0])-!@[#8AH1X2x0!r+0:4]-!@[#1AH0X1x0!r+0]
   3 [  3.70288832e-02 ] : ProperTorsions/Proper/k2/[#8AH1X2x0!r+0:1](-!@[#1AH0X1x0!r+0])-!@[#6AH2X4x0!r+0:2](-!@[#1AH0X1x0!r+0])(-!@[#1AH0X1x0!r+0])-!@[#6AH2X4x0!r+0:3](-!@[#1AH0X1x0!r+0])(-!@[#1AH0X1x0!r+0])-!@[#8AH1X2x0!r+0:4]-!@[#1AH0X1x0!r+0]
   4 [  4.44824769e-01 ] : ProperTorsions/Proper/k4/[#8AH1X2x0!r+0:1](-!@[#1AH0X1x0!r+0])-!@[#6AH2X4x0!r+0:2](-!@[#1AH0X1x0!r+0])(-!@[#1AH0X1x0!r+0])-!@[#6AH2X4x0!r+0:3](-!@[#1AH0X1x0!r+0])(-!@[#8AH1X2x0!r+0]-!@[#1AH0X1x0!r+0])-!@[#1AH0X1x0!r+0:4]
   5 [ -5.72101523e-01 ] : ProperTorsions/Proper/k1/[#8AH1X2x0!r+0:1](-!@[#1AH0X1x0!r+0])-!@[#6AH2X4x0!r+0:2](-!@[#1AH0X1x0!r+0])(-!@[#1AH0X1x0!r+0])-!@[#6AH2X4x0!r+0:3](-!@[#1AH0X1x0!r+0])(-!@[#8AH1X2x0!r+0]-!@[#1AH0X1x0!r+0])-!@[#1AH0X1x0!r+0:4]
   6 [ -1.34139556e+00 ] : ProperTorsions/Proper/k3/[#8AH1X2x0!r+0:1](-!@[#1AH0X1x0!r+0])-!@[#6AH2X4x0!r+0:2](-!@[#1AH0X1x0!r+0])(-!@[#1AH0X1x0!r+0])-!@[#6AH2X4x0!r+0:3](-!@[#1AH0X1x0!r+0])(-!@[#8AH1X2x0!r+0]-!@[#1AH0X1x0!r+0])-!@[#1AH0X1x0!r+0:4]
   7 [ -9.32204058e-02 ] : ProperTorsions/Proper/k2/[#8AH1X2x0!r+0:1](-!@[#1AH0X1x0!r+0])-!@[#6AH2X4x0!r+0:2](-!@[#1AH0X1x0!r+0])(-!@[#1AH0X1x0!r+0])-!@[#6AH2X4x0!r+0:3](-!@[#1AH0X1x0!r+0])(-!@[#8AH1X2x0!r+0]-!@[#1AH0X1x0!r+0])-!@[#1AH0X1x0!r+0:4]
   8 [ -2.64669550e-01 ] : ProperTorsions/Proper/k4/[#1AH0X1x0!r+0:1]-!@[#6AH2X4x0!r+0:2](-!@[#1AH0X1x0!r+0])(-!@[#8AH1X2x0!r+0]-!@[#1AH0X1x0!r+0])-!@[#6AH2X4x0!r+0:3](-!@[#1AH0X1x0!r+0])(-!@[#8AH1X2x0!r+0]-!@[#1AH0X1x0!r+0])-!@[#1AH0X1x0!r+0:4]
   9 [  2.95331853e-01 ] : ProperTorsions/Proper/k1/[#1AH0X1x0!r+0:1]-!@[#6AH2X4x0!r+0:2](-!@[#1AH0X1x0!r+0])(-!@[#8AH1X2x0!r+0]-!@[#1AH0X1x0!r+0])-!@[#6AH2X4x0!r+0:3](-!@[#1AH0X1x0!r+0])(-!@[#8AH1X2x0!r+0]-!@[#1AH0X1x0!r+0])-!@[#1AH0X1x0!r+0:4]
  10 [ -1.29183514e+00 ] : ProperTorsions/Proper/k3/[#1AH0X1x0!r+0:1]-!@[#6AH2X4x0!r+0:2](-!@[#1AH0X1x0!r+0])(-!@[#8AH1X2x0!r+0]-!@[#1AH0X1x0!r+0])-!@[#6AH2X4x0!r+0:3](-!@[#1AH0X1x0!r+0])(-!@[#8AH1X2x0!r+0]-!@[#1AH0X1x0!r+0])-!@[#1AH0X1x0!r+0:4]
  11 [  5.38372903e-02 ] : ProperTorsions/Proper/k2/[#1AH0X1x0!r+0:1]-!@[#6AH2X4x0!r+0:2](-!@[#1AH0X1x0!r+0])(-!@[#8AH1X2x0!r+0]-!@[#1AH0X1x0!r+0])-!@[#6AH2X4x0!r+0:3](-!@[#1AH0X1x0!r+0])(-!@[#8AH1X2x0!r+0]-!@[#1AH0X1x0!r+0])-!@[#1AH0X1x0!r+0:4]
  12 [  1.55357042e-01 ] : ProperTorsions/Proper/k4/[#6AH2X4x0!r+0:1](-!@[#1AH0X1x0!r+0])(-!@[#1AH0X1x0!r+0])(-!@[#8AH1X2x0!r+0]-!@[#1AH0X1x0!r+0])-!@[#6AH2X4x0!r+0:2](-!@[#1AH0X1x0!r+0])(-!@[#1AH0X1x0!r+0])-!@[#8AH1X2x0!r+0:3]-!@[#1AH0X1x0!r+0:4]
  13 [ -2.18949726e-01 ] : ProperTorsions/Proper/k1/[#6AH2X4x0!r+0:1](-!@[#1AH0X1x0!r+0])(-!@[#1AH0X1x0!r+0])(-!@[#8AH1X2x0!r+0]-!@[#1AH0X1x0!r+0])-!@[#6AH2X4x0!r+0:2](-!@[#1AH0X1x0!r+0])(-!@[#1AH0X1x0!r+0])-!@[#8AH1X2x0!r+0:3]-!@[#1AH0X1x0!r+0:4]
  14 [ -3.45713101e-01 ] : ProperTorsions/Proper/k3/[#6AH2X4x0!r+0:1](-!@[#1AH0X1x0!r+0])(-!@[#1AH0X1x0!r+0])(-!@[#8AH1X2x0!r+0]-!@[#1AH0X1x0!r+0])-!@[#6AH2X4x0!r+0:2](-!@[#1AH0X1x0!r+0])(-!@[#1AH0X1x0!r+0])-!@[#8AH1X2x0!r+0:3]-!@[#1AH0X1x0!r+0:4]
  15 [  2.20480098e-01 ] : ProperTorsions/Proper/k2/[#6AH2X4x0!r+0:1](-!@[#1AH0X1x0!r+0])(-!@[#1AH0X1x0!r+0])(-!@[#8AH1X2x0!r+0]-!@[#1AH0X1x0!r+0])-!@[#6AH2X4x0!r+0:2](-!@[#1AH0X1x0!r+0])(-!@[#1AH0X1x0!r+0])-!@[#8AH1X2x0!r+0:3]-!@[#1AH0X1x0!r+0:4]
  16 [ -1.95608821e-01 ] : ProperTorsions/Proper/k4/[#1AH0X1x0!r+0:1]-!@[#6AH2X4x0!r+0:2](-!@[#1AH0X1x0!r+0])(-!@[#6AH2X4x0!r+0](-!@[#1AH0X1x0!r+0])(-!@[#1AH0X1x0!r+0])-!@[#8AH1X2x0!r+0]-!@[#1AH0X1x0!r+0])-!@[#8AH1X2x0!r+0:3]-!@[#1AH0X1x0!r+0:4]
  17 [  2.20764597e-01 ] : ProperTorsions/Proper/k1/[#1AH0X1x0!r+0:1]-!@[#6AH2X4x0!r+0:2](-!@[#1AH0X1x0!r+0])(-!@[#6AH2X4x0!r+0](-!@[#1AH0X1x0!r+0])(-!@[#1AH0X1x0!r+0])-!@[#8AH1X2x0!r+0]-!@[#1AH0X1x0!r+0])-!@[#8AH1X2x0!r+0:3]-!@[#1AH0X1x0!r+0:4]
  18 [ -6.90010126e-01 ] : ProperTorsions/Proper/k3/[#1AH0X1x0!r+0:1]-!@[#6AH2X4x0!r+0:2](-!@[#1AH0X1x0!r+0])(-!@[#6AH2X4x0!r+0](-!@[#1AH0X1x0!r+0])(-!@[#1AH0X1x0!r+0])-!@[#8AH1X2x0!r+0]-!@[#1AH0X1x0!r+0])-!@[#8AH1X2x0!r+0:3]-!@[#1AH0X1x0!r+0:4]
  19 [ -1.96445607e-01 ] : ProperTorsions/Proper/k2/[#1AH0X1x0!r+0:1]-!@[#6AH2X4x0!r+0:2](-!@[#1AH0X1x0!r+0])(-!@[#6AH2X4x0!r+0](-!@[#1AH0X1x0!r+0])(-!@[#1AH0X1x0!r+0])-!@[#8AH1X2x0!r+0]-!@[#1AH0X1x0!r+0])-!@[#8AH1X2x0!r+0:3]-!@[#1AH0X1x0!r+0:4]
----------------------------------------------------------
#========================================================#
#| [94m                   Total Hessian                    [0m |#
#========================================================#
 1.00000034e+06  4.28395128e-02  3.75653675e-03 -8.53002521e-02 -7.76515387e-01 -7.97443332e-02  3.96475804e-03  1.55307929e-01  4.38815202e-01  3.65833112e-02 -6.91437904e-03 -7.06829889e-02 -3.88571291e-03  2.37044222e-01  1.71043249e-02 -7.13514570e-02  1.42021431e-02 -2.39007256e-01  3.30726019e-02  6.26714775e-02 
 4.28395128e-02  1.00000020e+06  2.22549086e-03 -2.49069097e-02 -1.07170792e-01 -4.23631240e-01  4.99942401e-03  2.97563290e-02  6.69262205e-02  2.20894952e-01  1.39331872e-03 -6.58731162e-03  1.75028662e-02  6.63165788e-02  2.49544561e-02 -1.84347741e-02  2.12956668e-03 -6.22593738e-02  5.53387579e-02  4.38398054e-03 
 3.75653675e-03  2.22549086e-03  1.00000020e+06 -6.12860651e-03 -7.62353577e-03 -7.34699537e-03  7.77479175e-01  8.71270313e-03  3.98530201e-03  5.27306254e-03  7.69855868e-01 -2.90184597e-03 -7.29660527e-02 -8.98567042e-03 -5.13419618e-03 -4.43607737e-02  8.94963748e-02  1.32896860e-02 -9.37428977e-03  3.40755865e-02 
-8.53002521e-02 -2.49069097e-02 -6.12860651e-03  1.00000024e+06  1.83599709e-01  4.96852850e-02 -1.34155086e-02 -4.39271178e-01 -9.84136265e-02 -2.47735826e-02 -2.62289243e-03  1.99767053e-01  8.74461254e-02 -1.20324217e-01  1.07011182e-02  7.76402632e-02 -1.01323795e-01  1.17732339e-01  1.37110015e-02 -6.18165077e-02 
-7.76515387e-01 -1.07170792e-01 -7.62353577e-03  1.83599709e-01  1.00000178e+06  2.04527939e-01  2.50241343e-03 -3.36550252e-01 -1.01736047e+00 -9.67309855e-02  3.52125094e-02  1.54259186e-01  1.55512929e-02 -5.14740418e-01 -5.36977100e-02  1.62855898e-01 -4.19720275e-02  5.18861206e-01 -1.02851677e-01 -1.43614710e-01 
-7.97443332e-02 -4.23631240e-01 -7.34699537e-03  4.96852850e-02  2.04527939e-01  1.00000088e+06 -2.03248059e-02 -5.84107450e-02 -1.30422008e-01 -4.61630225e-01 -1.18166268e-02  1.23059364e-02 -3.62849194e-02 -1.30278083e-01 -5.27522631e-02  3.68864434e-02 -4.97538022e-03  1.21654724e-01 -1.16507006e-01 -7.77417272e-03 
 3.96475804e-03  4.99942401e-03  7.77479175e-01 -1.34155086e-02  2.50241343e-03 -2.03248059e-02  1.00000309e+06  1.36868739e-02 -7.35033223e-03  1.58928707e-02  3.06546051e+00 -1.52798252e-03 -2.75564064e-01 -4.07478230e-02 -3.33532080e-02 -1.57421046e-01  3.38554935e-01  5.77164141e-02 -6.38850142e-02  1.18320996e-01 
 1.55307929e-01  2.97563290e-02  8.71270313e-03 -4.39271178e-01 -3.36550252e-01 -5.84107450e-02  1.36868739e-02  1.00000080e+06  1.81719055e-01  2.86362310e-02 -7.02104064e-03 -3.65241383e-01 -1.57119478e-01  2.11887662e-01 -1.78330497e-02 -1.39826280e-01  1.81379891e-01 -2.07426614e-01 -2.29319528e-02  1.12358466e-01 
 4.38815202e-01  6.69262205e-02  3.98530201e-03 -9.84136265e-02 -1.01736047e+00 -1.30422008e-01 -7.35033223e-03  1.81719055e-01  1.00000059e+06  6.32014129e-02 -3.05433887e-02 -8.39218862e-02 -1.17069887e-02  2.77594423e-01  4.00295059e-02 -9.45628968e-02  2.85525673e-02 -2.79681556e-01  7.64639742e-02  8.37744697e-02 
 3.65833112e-02  2.20894952e-01  5.27306254e-03 -2.47735826e-02 -9.67309855e-02 -4.61630225e-01  1.58928707e-02  2.86362310e-02  6.32014129e-02  1.00000024e+06  1.09508474e-02 -5.70675062e-03  1.88113710e-02  6.37214262e-02  2.79358677e-02 -1.85141217e-02  2.87648172e-03 -5.91386132e-02  6.14449040e-02  3.42622571e-03 
-6.91437904e-03  1.39331872e-03  7.69855868e-01 -2.62289243e-03  3.52125094e-02 -1.18166268e-02  3.06546051e+00 -7.02104064e-03 -3.05433887e-02  1.09508474e-02  1.00000305e+06  8.39560537e-03 -2.60186497e-01 -4.61036494e-02 -4.44946593e-02 -1.39491527e-01  3.20251032e-01  6.28461447e-02 -8.67155908e-02  1.02227320e-01 
-7.06829889e-02 -6.58731162e-03 -2.90184597e-03  1.99767053e-01  1.54259186e-01  1.23059364e-02 -1.52798252e-03 -3.65241383e-01 -8.39218862e-02 -5.70675062e-03  8.39560537e-03  1.00000017e+06  7.04509012e-02 -9.32743051e-02  7.69944908e-03  6.26773543e-02 -8.10164991e-02  9.13579837e-02  1.01885138e-02 -5.07988029e-02 
-3.88571291e-03  1.75028662e-02 -7.29660527e-02  8.74461254e-02  1.55512929e-02 -3.62849194e-02 -2.75564064e-01 -1.57119478e-01 -1.17069887e-02  1.88113710e-02 -2.60186497e-01  7.04509012e-02  1.00000053e+06 -2.08442545e-02  4.61567081e-02 -1.44077702e-02 -5.57134989e-01  2.32149391e-02  1.13278296e-01  2.00599888e-02 
 2.37044222e-01  6.63165788e-02 -8.98567042e-03 -1.20324217e-01 -5.14740418e-01 -1.30278083e-01 -4.07478230e-02  2.11887662e-01  2.77594423e-01  6.37214262e-02 -4.61036494e-02 -9.32743051e-02 -2.08442545e-02  1.00000041e+06 -1.40512698e-02 -8.92673538e-03  2.10463301e-02 -4.16123844e-01 -2.11956948e-02 -2.33412683e-03 
 1.71043249e-02  2.49544561e-02 -5.13419618e-03  1.07011182e-02 -5.36977100e-02 -5.27522631e-02 -3.33532080e-02 -1.78330497e-02  4.00295059e-02  2.79358677e-02 -4.44946593e-02  7.69944908e-03  4.61567081e-02 -1.40512698e-02  1.00000043e+06 -1.63377416e-02 -1.92755703e-03  1.78704066e-02  8.45691808e-01 -3.46314775e-03 
-7.13514570e-02 -1.84347741e-02 -4.43607737e-02  7.76402632e-02  1.62855898e-01  3.68864434e-02 -1.57421046e-01 -1.39826280e-01 -9.45628968e-02 -1.85141217e-02 -1.39491527e-01  6.26773543e-02 -1.44077702e-02 -8.92673538e-03 -1.63377416e-02  1.00000040e+06  2.66056824e-03  5.59359253e-03 -5.90057711e-02 -3.75891185e-01 
 1.42021431e-02  2.12956668e-03  8.94963748e-02 -1.01323795e-01 -4.19720275e-02 -4.97538022e-03  3.38554935e-01  1.81379891e-01  2.85525673e-02  2.87648172e-03  3.20251032e-01 -8.10164991e-02 -5.57134989e-01  2.10463301e-02 -1.92755703e-03  2.66056824e-03  1.00000059e+06 -2.22396570e-02 -2.69577943e-02 -1.28625168e-02 
